d1=11107, d2 = 141811, Value = 0.093698, FunctionValue = 0.450372 [6.000000, 7.000000]

d1=3742, d2 = 26414, Value = 0.046593, FunctionValue = 0.597119 [1.000000, 5.000000]

d1=11276, d2 = 105095, Value = 0.047105, FunctionValue = 0.528858 [8.000000, 24.000000]

