d1=5058, d2 = 72028, Value = 0.069922, FunctionValue = 0.423522 [1.000000, 14.000000]

d1=16976, d2 = 168668, Value = 0.032691, FunctionValue = 0.512902 [0.000000, 0.000000]

d1=4091, d2 = 32624, Value = 0.037231, FunctionValue = 0.567459 [15.000000, 30.000000]

