d1=11175, d2 = 56622, Value = 0.220587, FunctionValue = 0.673714 [3.000000, 30.000000]

d1=14950, d2 = 216698, Value = 0.220587, FunctionValue = 0.419204 [0.000000, 2.000000]

